{
  "K-matrix": {
    "type_id": "opencv-matrix",
    "rows": 3,
    "cols": 3,
    "dt": "d",
    "data": [
      2189.2119140625,
      0,
      960,
      0,
      2189.212158203125,
      540,
      0,
      0,
      1
    ]
  },
  "lens-coeffs": {
    "type_id": "opencv-matrix",
    "rows": 1,
    "cols": 5,
    "dt": "d",
    "data": [
      -0.6691774725914001,
      0.699999988079071,
      0,
      0,
      0
    ]
  },
  "image-size": {
    "type_id": "opencv-matrix",
    "rows": 2,
    "cols": 1,
    "dt": "d",
    "data": [
      1920,
      1080
    ]
  },
  "homography": {
    "type_id": "opencv-matrix",
    "rows": 3,
    "cols": 3,
    "dt": "d",
    "data": [
      -5.082692669144841,
      108.14257092857564,
      -3786.0893575417604,
      -5.494814324328897,
      14.653369496055877,
      6640.657277936379,
      -0.0008006824104424694,
      0.01870306801186251,
      1
    ]
  },
  "extrinsics": {
    "type_id": "opencv-matrix",
    "rows": 3,
    "cols": 4,
    "dt": "d",
    "data": [
      -0.10944904072225106,
      0.23876957300063076,
      -0.9648885938252539,
      5985.332896874628,
      -0.9931268039766586,
      -0.06677072995431643,
      0.09612918830654726,
      750.9857462851792,
      -0.04147359048945443,
      0.9687779728247667,
      0.24443645526281224,
      -241.5033344304427
    ]
  },
  "calibration-method": "auto"
}