{
  "K-matrix": {
    "type_id": "opencv-matrix",
    "rows": 3,
    "cols": 3,
    "dt": "d",
    "data": [
      1430.93017578125,
      0,
      640,
      0,
      1430.929931640625,
      360,
      0,
      0,
      1
    ]
  },
  "lens-coeffs": {
    "type_id": "opencv-matrix",
    "rows": 1,
    "cols": 5,
    "dt": "d",
    "data": [
      -0.44286710023880005,
      0.366910845041275,
      0,
      0,
      0
    ]
  },
  "image-size": {
    "type_id": "opencv-matrix",
    "rows": 2,
    "cols": 1,
    "dt": "d",
    "data": [
      1280,
      720
    ]
  },
  "homography": {
    "type_id": "opencv-matrix",
    "rows": 3,
    "cols": 3,
    "dt": "d",
    "data": [
      -1.454901495946856,
      -36.91914125564984,
      7078.717819675673,
      0.8447341578983192,
      -4.93948851743455,
      -375.72331516518466,
      -0.000311696444958837,
      -0.006329430081763403,
      1
    ]
  },
  "extrinsics": {
    "type_id": "opencv-matrix",
    "rows": 3,
    "cols": 4,
    "dt": "d",
    "data": [
      0.3032007581989278,
      -0.16801092384807245,
      0.9379987365105092,
      5926.400405881301,
      0.9516893682512103,
      0.0032427166602677845,
      -0.3070453242540478,
      611.3706025175095,
      0.04854530446096114,
      0.9857798000853835,
      0.16087740412629178,
      172.07212557970206
    ]
  }
}