{
  "K-matrix": {
    "type_id": "opencv-matrix",
    "rows": 3,
    "cols": 3,
    "dt": "d",
    "data": [
      2189.2119140625,
      0,
      960,
      0,
      2189.212158203125,
      540,
      0,
      0,
      1
    ]
  },
  "lens-coeffs": {
    "type_id": "opencv-matrix",
    "rows": 1,
    "cols": 5,
    "dt": "d",
    "data": [
      -0.6691774725914001,
      0.699999988079071,
      0,
      0,
      0
    ]
  },
  "image-size": {
    "type_id": "opencv-matrix",
    "rows": 2,
    "cols": 1,
    "dt": "d",
    "data": [
      1920,
      1080
    ]
  },
  "homography": {
    "type_id": "opencv-matrix",
    "rows": 3,
    "cols": 3,
    "dt": "d",
    "data": [
      21.534906311138524,
      -682.3034496467943,
      58628.99822361027,
      30.408404379072,
      -111.63404005933415,
      -30788.09634376225,
      0.0036169201467388633,
      -0.128465842104747,
      1
    ]
  },
  "extrinsics": {
    "type_id": "opencv-matrix",
    "rows": 3,
    "cols": 4,
    "dt": "d",
    "data": [
      0.0942339041519066,
      -0.22133263010943963,
      0.9706347604310938,
      5516.012081472819,
      0.9951723099578917,
      0.04779894202617794,
      -0.08571659485917146,
      808.8214669976596,
      -0.027423435258233295,
      0.974026246047824,
      0.2247683856965242,
      197.41472593095807
    ]
  },
  "calibration-method": "auto"
}