{
  "K-matrix": {
    "type_id": "opencv-matrix",
    "rows": 3,
    "cols": 3,
    "dt": "d",
    "data": [
      1335.862548828125,
      0,
      640,
      0,
      1335.862548828125,
      360,
      0,
      0,
      1
    ]
  },
  "lens-coeffs": {
    "type_id": "opencv-matrix",
    "rows": 1,
    "cols": 5,
    "dt": "d",
    "data": [
      -0.23146049678325653,
      0.010876926593482494,
      0,
      0,
      0
    ]
  },
  "image-size": {
    "type_id": "opencv-matrix",
    "rows": 2,
    "cols": 1,
    "dt": "d",
    "data": [
      1280,
      720
    ]
  },
  "homography": {
    "type_id": "opencv-matrix",
    "rows": 3,
    "cols": 3,
    "dt": "d",
    "data": [
      4.293632440859594,
      -95.27556021245273,
      7152.924055996997,
      2.8553389516209298,
      -40.195304276203395,
      4944.95461229889,
      0.0010951007581338269,
      -0.01648243104583013,
      1
    ]
  },
  "extrinsics": {
    "type_id": "opencv-matrix",
    "rows": 3,
    "cols": 4,
    "dt": "d",
    "data": [
      -0.9957466674280461,
      -0.07613288021404609,
      0.05188794519206058,
      5733.605931260704,
      0.06518900107728101,
      -0.18420405802215148,
      0.9807238444876918,
      2709.4486420714543,
      -0.06510736090863167,
      0.9799350231308633,
      0.18838360331256962,
      117.6313328496417
    ]
  }
}